 -0.00105471
  0.00123357 0.00966146
 -0.00178627 0.273281
  0.00149361
  -0.0215276
   0.0368847 0.000230035
  -0.0355089 0.00966146
   0.0585934
  0.00122419
-0.000947662 0.00966146
  0.00148499
 -0.00169473
   0.0432458
  -0.0195203 0.000230035
   0.0592554
  -0.0332805 0.273281
 -0.00169075 -6.01219
  0.00152278 0.00966146
 -0.00106446 0.273281
  0.00125397 0.00966146
  -0.0330443 0.273281
   0.0613882 0.000230035
   -0.021483 0.00966146
   0.0384399 0.273281
  0.00153119
 -0.00205597 0.00966146
  0.00114535
 -0.00103545 0.00966146
   0.0643266
  -0.0428313 0.000230035
    0.033203
  -0.0211159
  -0.0187866
   0.0412136
  -0.0408479
   0.0575185
-0.000947408
  0.00121035
 -0.00198264
  0.00152711
   0.0381166
  -0.0213577
   0.0600755
  -0.0396361
  0.00117136
 -0.00105549
  0.00149369
 -0.00194531
  -0.0358426
   0.0641602
   -0.019093
   0.0407234
 -0.00184424
  0.00151873
-0.000912979
  0.00126339
   0.0553286
  -0.0338696
   0.0400218
  -0.0227648
  0.00147483
 -0.00174503
  0.00117324
 -0.00116245

